Time (s)	Linear Acceleration x (m/s^2)	Linear Acceleration y (m/s^2)	Linear Acceleration z (m/s^2)	Absolute acceleration (m/s^2)
0.004939125	-0.29257903	-0.11019341	2.25194635	2.273545126
0.015003125	-0.0206812	-0.196194989	1.830136399	1.840738826
0.025066125	0.120699614	-0.539215171	1.261789961	1.377474248
0.035129125	0.181694808	-0.917071017	0.375038073	1.007316142
0.045192125	0.130483468	-1.21142877	-0.756632629	1.434251908
0.055255125	0.05473902	-1.402131323	-1.98578811	2.431526892
0.065318125	-0.076457242	-1.705392339	-3.135146055	3.56978284
0.075381125	-0.204280519	-2.020364305	-4.0065338	4.491760851
0.085444125	-0.315609349	-2.226344901	-5.494058445	5.936404558
0.095507125	-0.501619255	-2.287035638	-6.881905605	7.269303862
0.105570125	-0.51204696	-2.311514421	-7.322505584	7.695737719
0.115633125	-0.265126608	-2.26419042	-7.544845374	7.881722026
0.125696125	-0.065327798	-2.25807891	-7.637982164	7.965046116
0.135759125	0.513416744	-2.106061828	-7.816423983	8.111447285
0.145822125	0.323123715	-1.833950684	-8.062947857	8.27519862
0.155886125	0.167102716	-1.624905854	-8.296292108	8.455572428
0.165949125	0.062315038	-1.55686356	-8.381625203	8.525218376
0.176012125	-0.098546926	-1.544182118	-8.214212987	8.358678419
0.186075125	-0.234046537	-1.621070373	-7.762890385	7.933795691
0.196138125	-0.529916161	-1.744520444	-7.188493248	7.416103957
0.206201125	-0.756815793	-1.798172887	-6.796427498	7.070899704
0.216264125	-0.916010771	-1.850230356	-6.544240596	6.862179907
0.226327125	-1.067129282	-1.744737084	-6.14346074	6.474950368
0.236390125	-1.030322083	-1.444770243	-5.673898918	5.944918299
0.246453125	-1.062824416	-1.228394905	-4.987223547	5.245088034
0.256516125	-0.793462632	-0.933512072	-4.016528445	4.199229512
0.266579125	-0.380091091	-0.681260557	-2.851403484	2.956194684
0.276642125	-0.198317747	-0.621677138	-1.64277056	1.767627649
0.286705125	-0.069695522	-0.605650504	-0.7008537	0.928905758
0.296769125	-0.216449305	-0.872112872	0.375939129	0.974043835
0.306832125	-0.51460519	-0.816108168	1.488223972	1.773601318
0.316895125	-0.704278341	-0.685627331	2.695506189	2.869119453
0.326958125	-1.010876875	-0.487731351	3.933365251	4.090368703
0.337021125	-1.371058196	-0.430220915	4.955107715	5.159261873
0.347084125	-1.418291273	-0.133970099	6.013886442	6.180317812
0.357147125	-1.590432132	0.325353368	7.229044273	7.40907621
0.367210125	-1.728565147	0.841752009	7.817291125	8.050249962
0.377273125	-1.355293079	1.277173255	7.908703571	8.124997417
0.387336125	-1.054303853	1.522153464	7.806726376	8.023308824
0.397399125	-1.011259136	1.586669157	7.45871004	7.692367615
0.407462125	-1.169145361	1.792262083	7.31965682	7.626039615
0.417525125	-1.471324934	2.27970089	7.51772131	7.992369293
0.427588125	-1.402412282	2.620927585	7.427050291	7.999818601
0.437652125	-1.164446539	2.576897466	7.222588947	7.756424911
0.447715125	-0.746560873	2.436257312	7.079239193	7.523850768
0.457778125	-0.209769136	2.398137559	6.708350304	7.127203564
0.467841125	0.264388178	2.432560702	6.296590548	6.75531681
0.477904125	0.567437561	2.292068482	6.059712825	6.503513115
0.487967125	0.66057574	2.023126091	5.820029023	6.196945806
0.498030125	0.576819784	1.740852048	5.737288583	6.023268813
0.508093125	0.493714404	1.534570465	5.694731378	5.918498618
0.518156125	0.330032091	1.372406564	5.47546196	5.654476513
0.528219125	0.086788358	1.179608734	5.122414096	5.257198413
0.538282125	-0.125183716	1.036596437	4.660835477	4.776357449
0.548345125	-0.326274816	0.784532253	4.2818786	4.365367162
0.558408125	-0.45359991	0.454141691	3.81775118	3.871333314
0.568471125	-0.493133776	0.150650588	3.129443266	3.171638642
0.578535125	-0.537641539	-0.285703947	2.419974863	2.495388448
0.588598125	-0.630127753	-0.905421025	2.111961669	2.382693918
0.598661125	-0.455299696	-1.374522964	1.748128615	2.269926176
0.608724125	-0.225537194	-1.8217971	1.353150952	2.280532657
0.618787125	-0.143924243	-2.307762702	0.876269	2.472717176
0.628850125	-0.437877588	-2.621367588	0.27049512	2.67141768
0.638913125	-0.570105719	-2.615257832	0.010602756	2.676696934
0.648976125	-0.457664054	-2.580336506	-0.373061714	2.647030018
0.659039125	-0.461302265	-2.574680787	-0.899844389	2.766134642
0.669102125	-0.351142695	-2.278122434	-2.066932261	3.096021962
0.679165125	-0.822063557	-2.192911107	-3.443033534	4.164027802
0.689228125	-1.341580335	-2.239700527	-4.824294391	5.485427295
0.699291125	-1.423567654	-2.194104231	-5.53414871	6.121065282
0.709354125	-1.20944788	-2.216333737	-5.976449059	6.487899719
0.719417125	-0.751002857	-2.339692738	-6.296998683	6.759464462
0.729481125	-0.283292628	-2.420544382	-6.47122466	6.914914201
0.739544125	0.001420216	-2.488083523	-6.570101076	7.025438761
0.749607125	0.147006822	-2.600320535	-6.557436592	7.055724807
0.759670125	0.38288182	-2.681405337	-6.610100124	7.143525511
0.769733125	0.417998005	-2.586158287	-6.651209559	7.148533109
0.779796125	0.445889443	-2.34895312	-6.826071128	7.232678978
0.789859125	0.491149158	-2.094675253	-6.960543639	7.285469076
0.799922125	0.508388285	-1.753914727	-7.168348421	7.397289679
0.809985125	0.506270496	-1.449055229	-7.427846682	7.584785904
0.820048125	0.319651346	-1.42435849	-7.439997196	7.58185547
0.830111125	-0.009399692	-1.518286555	-7.001218041	7.163960948
0.840174125	-0.146408944	-1.586378843	-6.536363811	6.727710256
0.850237125	-0.133550479	-1.685617348	-5.992496157	6.226487916
0.860301125	-0.55851789	-1.772564422	-5.348545806	5.662231813
0.870364125	-0.56366238	-1.680351053	-4.626077873	4.953977334
0.880427125	-0.513145689	-1.381233374	-4.073323036	4.331637645
0.89049425	-0.410671151	-0.954373037	-3.762611352	3.903424506
0.90055725	-0.345249835	-0.721281679	-3.234593745	3.331972599
0.91062025	-0.240179079	-0.860203337	-2.495526152	2.650525711
0.92068325	-0.005927944	-1.139457439	-1.486621251	1.873083324
0.93074625	0.38841018	-1.648495861	-0.297140297	1.719503832
0.94080925	0.817651248	-1.625648451	0.799454713	1.987564914
0.95087225	0.286864473	-1.406310182	2.313068465	2.722183917
0.96093525	-0.067232272	-0.982297146	2.754618031	2.925294577
0.97099825	-0.082587079	-0.473255728	2.823609914	2.864186543
0.98106125	-0.141038185	0.001096645	3.028082367	3.031365335
0.99112525	0.034641171	0.427782114	3.308561608	3.336281981
1.00118825	0.096918623	0.576875369	3.926290705	3.969626823
1.01125125	-0.201021537	0.624389369	5.031757695	5.074333182
1.02131425	0.122525243	0.872523712	5.967555444	6.032249003
1.03137725	0.219326702	0.868741002	7.023506457	7.080427818
1.04144025	0.281076077	0.917801846	8.23721301	8.292951354
1.05150325	0.038833534	1.35834021	8.957138574	9.059631758
1.06156625	-0.057099888	1.570642816	9.294434624	9.426382881
1.07162925	0.080924606	2.160694557	9.483879148	9.727235654
1.08169225	0.254047578	2.843330233	9.178127072	9.611819991
1.09175525	0.058229789	2.954035567	8.897082991	9.37484947
1.10181825	-0.066267445	3.129533313	7.911916616	8.508630599
1.11188125	-0.208322918	2.899833924	6.991722162	7.572094428
1.12194425	-0.553901915	2.538334495	6.298692622	6.813477679
1.13200825	-0.323676423	2.192521244	5.763426806	6.174868775
1.14207125	-0.268520003	1.8812263	5.48600566	5.805805154
1.15213425	-0.148360197	1.227537995	5.34574382	5.486878645
1.16219725	-0.198619025	0.671937026	4.940775604	4.990211664
1.17226025	-0.287937108	0.345537481	4.409625059	4.432504607
1.18232325	-0.349143752	0.118732666	3.804822986	3.822653105
1.19238625	-0.42219404	-0.148312067	3.163477569	3.194970204
1.20244925	-0.352149367	-0.447535763	2.537463552	2.600580457
1.21251225	-0.28773125	-0.753042585	2.037467557	2.191149573
1.22257525	-0.29938877	-1.039197937	1.621462721	1.949027281
1.23263825	-0.329458662	-1.276264451	0.956134949	1.628369737
1.24270125	-0.393598159	-1.477671795	0.135271241	1.535165057
1.25276425	-0.579212611	-1.644729377	-0.702913674	1.88008234
1.26282825	-0.721071837	-1.724856697	-1.467580377	2.376734605
1.27289125	-0.714280223	-1.748372736	-2.33004644	2.999353243
1.28295425	-0.809955508	-1.766887798	-3.169846357	3.718312297
1.29301725	-0.762090859	-1.770709685	-3.71740185	4.187513794
1.30308025	-0.627995127	-1.938637187	-4.266356581	4.728053564
1.31314325	-0.581275143	-2.292283221	-4.628023242	5.197214858
1.32320625	-0.343208828	-2.248338326	-4.786492141	5.299370203
1.33326925	-0.530883254	-2.071238297	-5.262448479	5.680249035
1.34333225	-0.70376576	-1.875410513	-5.918246459	6.248047054
1.35339525	-0.544230547	-1.719415132	-6.349051766	6.600229815
1.36345825	-0.514169134	-1.647430937	-6.634145629	6.854946158
1.37352125	-0.47683247	-1.606177076	-6.931722713	7.131336044
1.38358425	-0.331609268	-1.481034674	-7.212092026	7.370054261
1.39364825	-0.131153559	-1.431113925	-7.227640357	7.369129762
1.40371125	0.140451289	-1.520713734	-7.011073523	7.175475508
1.41377425	0.353820355	-1.606650847	-6.800827528	6.996982982
1.42383725	0.421848835	-1.680218614	-6.644682897	6.866797057
1.43390025	0.322813082	-1.83536498	-6.415509465	6.680683692
1.44396325	0.287812234	-2.045826298	-6.093551247	6.434252708
1.45402625	0.295308364	-2.141982443	-5.652812104	6.052237644
1.46408925	0.205577724	-2.071830327	-5.229682437	5.628882793
1.47415225	0.205888247	-1.874392951	-4.914466642	5.263812429
1.48421525	0.212433328	-1.676330946	-4.524857892	4.830067526
1.49427825	0.276299358	-1.47125506	-3.933427817	4.20865622
1.50434125	0.433194992	-1.252352117	-3.363684479	3.615303168
1.51440425	0.601174461	-0.961964623	-3.121619107	3.321338964
1.52446725	0.675331846	-0.783890448	-3.018680044	3.191079214
1.53453125	0.570645782	-0.781619536	-2.816977417	2.978578096
1.54459425	0.234092	-0.840804395	-2.665902321	2.805135697
1.55465725	0.120589102	-0.894032476	-2.392871849	2.55727814
1.56472025	-0.179232838	-1.17350753	-2.083168809	2.397673168
1.57478325	-0.341800964	-0.928111145	-1.40742013	1.720188832
1.58484625	-0.385902565	-0.568614167	-0.034711411	0.688075391
1.59490925	-0.605582896	-1.082107729	1.412863888	1.879859608
1.60497225	-0.985372343	-1.18133052	3.231812224	3.579261196
1.61503525	-1.271731982	-0.730027067	4.64270677	4.868774785
1.62509825	-1.472045311	-0.112891078	5.261860249	5.465055816
1.63516125	-1.61617523	0.349349866	5.17582081	5.433524524
1.64522425	-1.347143084	0.457573788	5.950947012	6.118654967
1.65528825	-1.113589211	0.403566858	7.420617769	7.514553561
1.66535125	-0.941910939	0.704616822	8.851606271	8.929424095
1.67541425	-0.752139702	1.144579746	10.09011437	10.18264136
1.68547725	-0.464071068	1.895559141	11.55282578	11.71649648
1.69554025	-0.221420499	2.469521829	12.12344853	12.37439168
1.70560325	-0.010731249	2.564585569	11.92034433	12.19310556
1.71566625	0.212266975	2.469142345	11.26677999	11.53611947
1.72572925	0.207578239	2.476361902	10.33590793	10.63044918
1.73579225	0.039526703	2.444234522	9.290837417	9.607054942
1.74585525	-0.01197338	2.285907564	8.320513029	8.62881532
1.75591825	-0.033346159	2.040410314	7.357101805	7.634876108
1.76598125	-0.080216307	1.667183416	6.615141009	6.822464787
1.77604425	-0.029839182	1.157701337	5.996217325	6.107027507
1.78610825	0.091399363	0.731616486	5.272341968	5.323645964
1.79617125	0.132888683	0.41131387	4.438052468	4.459052389
1.80623425	0.080001458	0.05085296	3.816369483	3.817546632
1.81629725	0.106396375	-0.37471326	3.077798903	3.102350126
1.82636025	0.071886254	-0.601415	2.106688065	2.192031532
1.83642325	-0.017501996	-0.787333216	1.004925871	1.276744265
1.84648625	-0.2359706	-1.114247169	-0.051317503	1.140115066
1.85654925	-0.283543766	-1.388344904	-0.945714626	1.703606409
1.86661225	-0.240221014	-1.64228451	-1.849241592	2.484853922
1.87667525	-0.146295508	-1.840170806	-2.686457623	3.259552965
1.8867385	-0.05564839	-1.931716861	-3.486898761	3.98661382
1.8968015	0.022460179	-2.040490275	-4.122839012	4.600207228
1.9068645	0.035983473	-2.290126914	-4.54386719	5.08848751
1.9169285	-0.015021789	-2.440884945	-5.02984741	5.590841612
1.9269915	-0.146304352	-2.475300048	-5.383962976	5.927526686
1.9370545	-0.215384601	-2.352205341	-5.683310012	6.154613975
1.9471175	-0.21657122	-2.163852199	-6.116712068	6.491789118
1.9571805	-0.178203545	-2.066168176	-6.513426354	6.83560753
1.9672435	-0.08850521	-2.03033103	-6.897370906	7.190535632
1.9773065	-0.01214474	-2.03119671	-7.25455743	7.533558991
1.9873695	-0.014384297	-2.08291007	-7.473922157	7.758752069
1.9974325	-0.094477995	-2.249914735	-7.505295392	7.835847199
2.0074955	-0.301115161	-2.434507533	-7.392679773	7.789044325
2.0175585	0.039176857	-2.531954598	-7.156862735	7.591641003
2.0276215	-0.098434879	-2.672282218	-7.040087991	7.530844614
2.0376845	-0.228758352	-2.619577171	-6.852499958	7.339705076
2.0477485	-0.201590434	-2.637356799	-6.498980808	7.01662605
2.0578115	-0.042947872	-2.592868259	-6.051966434	6.584155834
2.0678745	0.07023215	-2.384847423	-5.607145935	6.093645487
2.0779375	0.07762018	-2.171891828	-5.315171653	5.742315622
2.0880005	-0.022994614	-2.009879516	-5.080561481	5.463721203
2.0980635	-0.096463563	-1.965740785	-4.693970479	5.089872386
2.1081265	-0.161646204	-1.940490462	-4.0727044	4.514261164
2.1181895	-0.295766055	-2.029363462	-3.282423969	3.870413509
2.1282525	-0.389750764	-1.921388339	-2.559505216	3.224082157
2.1383155	-0.451650485	-1.556468288	-1.931572142	2.521418774
2.1483785	-0.488899771	-1.077956863	-1.572412183	1.968119422
2.1584415	-0.466068915	-0.668190203	-1.510400122	1.716102244
2.1685045	-0.47841458	-0.603337163	-0.847182026	1.144820347
2.1785685	-0.367272715	-0.715167172	0.42731452	0.910467479
2.1886315	-0.29431262	-0.686448061	1.59517247	1.761364831
2.1986945	-0.354585171	-0.506309307	2.605961929	2.678267599
2.2087575	-0.531470388	-0.284123993	3.499745094	3.551253714
2.2188205	-0.694169017	0.285236992	4.442212762	4.505162038
2.2288835	-0.876413061	0.432022296	5.267641976	5.35749896
2.2389465	-0.850105561	0.408987555	6.367457632	6.436961005
2.2490095	-0.994434066	0.667891045	7.625841005	7.719354157
2.2590725	-1.081512555	1.030999336	8.620563485	8.749099602
2.2691355	-0.979410741	1.291251888	9.727052568	9.861142353
2.2791985	-0.812707427	1.665265675	10.89335574	11.04983269
2.2892615	-0.671824979	2.16354522	11.46098473	11.68274144
2.2993245	-0.670550359	2.486786903	11.25130124	11.54233626
2.3093875	-0.706080745	2.692188187	10.32598755	10.69450541
2.3194515	-0.722537076	2.467850988	9.571818933	9.911209109
2.3295145	-0.761054294	2.264142765	8.726412706	9.047420893
2.3395775	-0.682698022	2.276366662	7.970458939	8.317219335
2.3496405	-0.518514566	2.122168276	7.479140797	7.791662377
2.3597035	-0.380344641	1.82724232	6.873587941	7.122477639
2.3697665	-0.37810322	1.518724803	6.232298073	6.425809392
2.3798295	-0.410863086	1.31502082	5.638247275	5.804129613
2.3898925	-0.488995044	1.09965705	5.227233623	5.363984818
2.3999555	-0.509216981	0.803079621	4.649791256	4.74602966
2.4100185	-0.507233496	0.365810765	4.131748415	4.178809435
2.4200815	-0.677027758	0.041356096	3.41971016	3.486329659
2.4301445	-0.613513255	-0.200840273	2.519789173	2.601167585
2.4402085	-0.40930674	-0.614592359	1.762718588	1.91113385
2.4502715	-0.187333241	-0.969246453	0.857530428	1.307627954
2.4603345	-0.141732195	-1.316449295	0.176891137	1.33582081
2.4703975	-0.079945142	-1.761820455	-0.390650724	1.806380505
2.4804605	0.071992966	-2.200694336	-0.839795823	2.356585575
2.4905235	0.034586646	-2.475651758	-1.276161248	2.785432712
2.5005865	-0.07820841	-2.556783922	-1.777447724	3.114896626
2.5106495	-0.14379005	-2.537361225	-2.323018087	3.44315126
2.5207125	0.067246415	-2.534065735	-2.983520737	3.915023271
2.5307755	0.163018837	-2.57799265	-3.690878295	4.505019848
2.5408385	-0.005506542	-2.65693357	-4.413965448	5.151933354
2.5509015	-0.158422561	-2.771712951	-4.97644362	5.698463081
2.5609645	-0.217272959	-2.821141219	-5.48800073	6.174479519
2.5710275	-0.277425605	-2.793895825	-5.864500607	6.501937113
2.5810915	-0.316907832	-2.732257694	-6.1661532	6.751822566
2.5911545	-0.333976878	-2.64318238	-6.528767694	7.051436822
2.6012175	-0.292525747	-2.430120367	-6.978629662	7.395426172
2.6112805	-0.265642223	-2.179354922	-7.432894583	7.750359705
2.6213435	-0.173100753	-2.069118535	-7.792607689	8.064486963
2.6314065	-0.022564698	-2.010020434	-8.003890979	8.252451885
2.6414695	0.141912801	-1.868266093	-8.024326998	8.240168761
2.6515325	0.300332146	-1.796257047	-8.030727945	8.234642075
2.6615955	0.36274284	-1.834961522	-7.808910311	8.029803634
2.6716585	0.446478696	-1.859698167	-7.695141036	7.929250662
2.6817215	0.488915083	-1.918368252	-7.539734323	7.795304251
2.6917845	0.330588307	-1.96699896	-7.203387861	7.474434441
2.7018475	0.501318745	-1.908437049	-6.725356346	7.008842304
2.7119115	0.367286675	-1.807300099	-6.240541477	6.507349005
2.7219745	0.274877608	-1.659530434	-5.705195555	5.948012717
2.7320375	0.350113439	-1.740669322	-4.964690132	5.272632854
2.7421005	0.305468431	-1.750858826	-4.358922683	4.70733731
2.7521635	0.172385017	-1.649819671	-3.872874636	4.213167394
2.7622265	-0.019683409	-1.762321415	-3.197780845	3.651296556
2.7722895	-0.269187134	-1.903853709	-2.45610247	3.119224262
2.7823525	-0.499738096	-1.899904938	-1.796630684	2.662190593
2.7924155	-0.587774397	-1.642222676	-0.972800099	1.997176529
2.8024785	-0.443627594	-1.438930483	-0.084895139	1.508155682
2.8125415	-0.465866528	-1.48717542	0.426164957	1.615654333
2.8226045	-0.683339681	-1.563791195	1.104271819	2.032685974
2.8326675	-0.986017072	-1.878080205	2.324478137	3.146841835
2.8427315	-1.106723264	-1.844277744	3.402141032	4.025016817
2.8527945	-1.504457451	-1.225552646	4.08812	4.525273102
2.8628575	-1.902139744	-0.74830634	5.135897191	5.52770639
2.8729205	-1.677823156	-0.007044141	6.267932174	6.488614174
2.8829835	-1.487013306	0.649179297	7.354893896	7.531739942
2.893045625	-1.38395233	1.05856735	8.573074738	8.748342663
2.903108625	-1.406258142	1.40470059	9.844454134	10.04310823
2.913171625	-1.28577831	1.806130655	10.81954985	11.04436475
2.923234625	-1.079633479	2.045680263	11.4216201	11.65348969
2.933297625	-0.879441188	2.221602225	11.57873245	11.82268913
2.943360625	-0.62533574	2.476775008	11.27279794	11.55860859
2.953423625	-0.430430903	2.73289007	10.89350777	11.23932696
2.963487625	-0.270126343	2.813232275	10.36941014	10.74764675
2.973550625	-0.086302893	2.734137574	9.710061729	10.08802534
2.983613625	0.008190085	2.482723088	8.950114313	9.28808523
2.993676625	0.112612221	2.094127076	8.19029846	8.454527698
3.003739625	0.224283898	1.6545144	7.275101037	7.464235813
3.013802625	0.308659092	1.235582741	6.204185829	6.333550106
3.023865625	0.316780948	0.755326653	5.260331202	5.323716078
3.033928625	0.342644206	0.179196877	4.303351915	4.320689097
3.043991625	0.260108729	-0.386559792	3.371900986	3.403939084
3.054054625	0.174002229	-0.868957496	2.52525515	2.676243165
3.064117625	0.190433051	-1.19283097	1.539822727	1.957080606
3.074180625	0.156974644	-1.346833328	0.475428919	1.436883331
3.084244625	-0.041565746	-1.370285048	-0.584959547	1.49049874
3.094307625	-0.1510302	-1.393599943	-1.466844798	2.028931882
3.104370625	0.04517388	-1.470690804	-2.114543799	2.576095417
3.114433625	0.101441481	-1.566358999	-2.804052147	3.213483986
3.124496625	0.082610376	-1.721575532	-3.355741621	3.772485734
3.134559625	0.108042457	-1.871544626	-3.797008182	4.234574784
3.144622625	-0.022642685	-1.910082601	-4.335491136	4.737658876
3.154685625	-0.028186119	-1.955449978	-4.888067048	5.264767663
3.164748625	0.023783851	-2.191094669	-5.183448502	5.627574957
3.174811625	-0.046819743	-2.199924404	-5.43725216	5.865626184
3.184874625	0.0244858	-2.207584256	-5.719042346	6.130373004
3.194937625	0.147524831	-2.132099626	-6.045423399	6.41207895
3.205000625	0.257151445	-1.964897032	-6.46227842	6.759289133
3.215064625	0.452053176	-1.809920528	-6.934338173	7.180892026
3.225127625	0.646512821	-1.893029782	-7.275789839	7.545770893
3.235190625	0.694744456	-2.085286963	-7.309213693	7.632541935
3.245253625	0.684791691	-2.381114414	-7.12581402	7.544260796
3.255316625	0.677940801	-2.70667788	-6.901063423	7.443815234
3.265379625	0.736650208	-2.954403649	-6.680596495	7.341765727
3.275442625	0.716222083	-3.102451349	-6.496439608	7.234770627
3.285505625	0.639588548	-3.021638736	-6.441092203	7.143321561
3.295568625	0.571543074	-2.893750189	-6.285051652	6.942789491
3.305631625	0.461866192	-2.822182024	-6.040618742	6.68334546
3.315694625	0.332412309	-2.777509881	-5.657527884	6.311313717
3.325757625	0.13521847	-2.622311036	-5.306822414	5.920908996
3.335820625	-0.046954238	-2.404263687	-4.846946504	5.410691175
3.345884625	-0.165217756	-2.236096741	-4.179946429	4.743350892
3.355947625	-0.295956162	-2.20662999	-3.294859242	3.976544152
3.366010625	-0.375072023	-2.102329258	-2.385776253	3.201936236
3.376073625	-0.273536659	-1.955031318	-1.548676581	2.509057374
3.386136625	-0.3059492	-1.680324448	-0.735336485	1.859520076
3.396199625	-0.394255715	-1.195260853	-0.157864298	1.268466481
3.406262625	-0.41212561	-0.820662125	0.399548432	1.001485293
3.416325625	-0.437268308	-0.478182738	1.10102603	1.277544763
3.426388625	-0.483832537	-0.280190187	1.879619046	1.961012041
3.436451625	-0.539366833	-0.1267513	2.721285979	2.777117183
3.446514625	-0.617605429	-0.024243182	3.465557009	3.52024283
3.456577625	-0.542880059	0.132761525	4.243903858	4.280544865
3.466641625	-0.399713689	0.443922659	4.87797183	4.914412227
3.476704625	-0.426047465	0.73302011	5.492877308	5.557925516
3.486767625	-0.558212775	1.029296335	6.147673659	6.258190143
3.496830625	-0.672731663	1.474765144	6.568623485	6.765671778
3.506893625	-0.821791954	2.058438888	6.993490945	7.3363089
3.516956625	-0.952353409	2.571927041	7.426319389	7.916565252
3.527019625	-0.822802718	2.846745592	7.693113222	8.244086112
3.537082625	-0.736443509	3.07711244	8.257281824	8.84271865
3.547145625	-0.563311145	3.058956835	8.808853769	9.341864969
3.557208625	-0.447174405	3.198438072	8.914469102	9.481441368
3.567271625	-0.436575559	3.306142614	8.78925858	9.400651233
3.577334625	-0.502072268	3.341881966	8.265235206	8.929410096
3.587397625	-0.307415682	3.367913185	7.70297572	8.412679631
3.597461625	-0.234165784	3.161083719	7.020071803	7.702512058
3.607524625	-0.200432101	2.895953127	6.605331135	7.215061812
3.617587625	-0.231182462	2.428625234	6.30560403	6.761087786
3.627650625	-0.155220479	2.101748045	6.072751531	6.428043979
3.637713625	-0.082215141	1.679948765	5.843582777	6.080826166
3.647776625	0.084483605	1.248939682	5.427353409	5.569843161
3.657839625	0.125035178	0.738654341	4.888303276	4.945376927
3.667902625	0.059800242	0.223899243	4.274290084	4.28056803
3.677965625	0.019532624	-0.213487545	3.668858265	3.675116247
3.688028625	0.057138078	-0.485417205	2.954571757	2.994726847
3.698091625	0.133950775	-0.778879896	2.045111622	2.192505016
3.708154625	0.2063529	-1.15551784	1.191201205	1.672352627
3.718218625	0.152244977	-1.665705532	0.441510975	1.729937974
3.728281625	-0.04557996	-2.11918298	-0.267966199	2.136543919
3.738344625	-0.060795438	-2.542469353	-0.908532182	2.700606825
3.748407625	-0.026451159	-2.960187715	-1.499802044	3.318556485
3.758470625	-0.115244125	-3.263858474	-2.168158674	3.920072115
3.768533625	-0.222113649	-3.534208876	-2.673267474	4.436927522
3.778596625	-0.337997351	-3.622100421	-3.07175639	4.76125414
3.788659625	-0.288466756	-3.643854402	-3.566489307	5.106929992
3.798722625	-0.339506517	-3.783375107	-3.884156254	5.432850235
3.808785625	-0.432021602	-3.82609808	-4.232281932	5.721702503
3.818848625	-0.2955682	-3.856473489	-4.612543908	6.019577197
3.828911625	-0.215925395	-3.96946713	-5.05418703	6.430248798
3.838974625	-0.147193056	-4.065136349	-5.604218234	6.924901541
3.849038625	-0.116019941	-4.162696265	-5.951901863	7.264064744
3.859101625	-0.176308828	-4.252025933	-6.14489974	7.474664016
3.869164625	-0.116994965	-4.220400975	-6.308746324	7.591162783
3.879227625	0.045398586	-4.125844481	-6.335122529	7.560319515
3.8892875	0.333579194	-4.04202289	-6.400464579	7.577279918
3.8993505	0.433850391	-3.856846833	-6.65306488	7.70238703
3.9094135	0.457088688	-3.49792661	-6.805392449	7.665362811
3.9194765	0.376949674	-3.118050551	-7.02813102	7.697983887
3.9295395	0.290063485	-2.759963848	-7.153423403	7.672874536
3.9396025	0.193442924	-2.585318042	-7.068007277	7.528480352
3.9496655	0.037005191	-2.491234295	-6.709068342	7.156760141
3.9597285	-0.064153165	-2.411171295	-6.15812965	6.613654318
3.9697925	-0.158473066	-2.279657767	-5.555446023	6.007073644
3.9798555	-0.219391917	-2.19417966	-4.825977804	5.305904161
3.9899185	-0.320605356	-2.139515503	-3.988402169	4.537363358
3.9999815	-0.387586417	-1.985522939	-3.20330237	3.788623846
4.0100445	-0.365419403	-1.877708469	-2.413046497	3.079304115
4.0201075	-0.357508047	-1.761473569	-1.719335171	2.48731071
4.0301705	-0.368167339	-1.569235245	-1.096262888	1.949317512
4.0402335	-0.47163974	-1.197215797	-0.397701296	1.346824424
4.0502965	-0.569692759	-0.774283765	0.237824387	0.990265433
4.0603595	-0.581674289	-0.358935426	0.954322897	1.173844883
4.0704225	-0.607988733	-0.016592351	1.937418188	2.030643948
4.0804855	-0.640386547	0.359918745	3.058644009	3.145622293
4.0905485	-0.735004436	0.679418465	4.134318266	4.253754635
4.1006125	-0.761038067	0.950286784	5.104643823	5.247819783
4.1106755	-0.787018489	1.115013885	6.037597486	6.189930328
4.1207385	-0.824563753	1.188296162	7.179577414	7.323816286
4.1308015	-0.81095012	1.185930086	8.141844923	8.267630193
4.1408645	-0.878102395	1.428652539	9.227837176	9.378970671
4.1509275	-0.976307186	1.753336876	10.06305346	10.26120904
4.1609905	-0.916811035	2.164644643	10.37688054	10.63982512
4.1710535	-0.709542736	2.588673174	10.15711879	10.50579563
4.1811165	-0.485511419	2.863550197	9.63892158	10.06699808
4.1911795	-0.439747747	2.895429802	9.066398476	9.52766882
4.2012425	-0.469506822	2.658027291	8.400135149	8.823140952
4.2113065	-0.405772427	2.318765407	7.698706083	8.050552753
4.2213695	-0.409562337	1.899752326	7.013104845	7.277392375
4.2314325	-0.408300179	1.420542744	6.474117862	6.640696711
4.2414955	-0.326164267	0.996190935	6.139447796	6.228290195
4.2515585	-0.350540798	0.676001133	5.700041234	5.750680521
4.2616215	-0.444112036	0.322650748	5.065316035	5.094974538
4.2716845	-0.460749338	-0.16733284	4.394946209	4.422198821
4.2817475	-0.416053952	-0.656619367	3.643923399	3.725912992
4.2918105	-0.445720312	-1.14946049	2.882258656	3.134859004
4.3018735	-0.493913429	-1.619747148	2.197988829	2.774650643
4.3119365	-0.494190879	-1.919761936	1.547684308	2.514962671
4.3219995	-0.436363744	-2.004944174	0.884834586	2.234535008
4.3320625	-0.407512193	-1.914872494	-0.110065649	1.960846068
4.3421265	-0.340887154	-1.744305705	-0.9212107	2.001858037
4.3521895	-0.144576034	-1.650069347	-1.585388324	2.292833884
4.3622525	-0.053763174	-1.672310401	-2.260558714	2.812407911
4.3723155	0.073699293	-1.650937951	-2.891317747	3.330277168
4.3823785	0.185154678	-1.662446587	-3.487717956	3.868098687
4.3924415	0.221997034	-1.705616726	-4.311946737	4.642337317
4.4025045	0.252154487	-1.770011089	-5.211063148	5.509237721
4.4125675	0.174843223	-1.739305167	-5.696228265	5.958420014
4.4226305	0.114646138	-1.69033532	-5.982847082	6.218105535
4.4326935	0.157324051	-1.656700382	-6.276514717	6.493384634
4.4427565	0.155140957	-1.665418873	-6.545676087	6.756002085
4.4528195	0.220295129	-1.571381465	-6.831545291	7.013400082
4.4628835	0.177997211	-1.501421138	-7.188174575	7.345461331
4.4729465	0.073730795	-1.358209378	-7.553668238	7.675159464
4.4830095	0.002155868	-1.278282472	-7.840547841	7.944067042
4.4930725	0.006512556	-1.210635449	-7.95889607	8.050447643
4.5031355	0.02247593	-1.242754205	-7.98052726	8.076741826
4.5131985	0.04419311	-1.339921334	-7.752277104	7.867346599
4.5232615	0.039193631	-1.440399449	-7.299932408	7.44078624
4.5333245	-0.119659395	-1.53212019	-6.863191592	7.033143641
4.5433875	-0.091574788	-1.533679934	-6.544220715	6.722156265
4.5534505	-0.176910506	-1.431799218	-6.182638255	6.348729173
4.5635135	-0.331556679	-1.310666837	-5.773729016	5.929900854
4.5735765	-0.356949931	-1.198438157	-5.31077864	5.456009259
4.5836395	-0.296356368	-1.13879188	-4.74196501	4.885786139
4.5937035	-0.240159399	-1.151846081	-4.152765062	4.316234886
4.6037665	-0.267060045	-1.044233193	-3.571768758	3.730854606
4.6138295	-0.346401554	-0.984462516	-2.625325568	2.825153947
4.6238925	-0.487840547	-1.143328442	-1.71890657	2.121279831
4.6339555	-0.53262989	-1.085441007	-0.901753505	1.508322301
4.6440185	-0.542557001	-0.924677002	-0.4981167	1.182165769
4.6540815	-0.61029312	-0.846310279	-0.359005592	1.103441796
4.6641445	-0.666604658	-0.770577654	0.023181286	1.01916096
4.6742075	-0.790887811	-0.7466871	0.860270433	1.386762551
4.6842705	-0.937745748	-0.922549493	1.899345798	2.310406699
4.6943335	-1.029496456	-1.096013358	3.431961247	3.746927572
4.7043975	-1.024939428	-1.082117961	5.400884233	5.602769905
4.7144605	-0.538603552	-0.752956558	6.766648799	6.829683252
4.7245235	-0.24674563	-0.142104992	8.141698743	8.146676356
4.7345865	-0.274823594	0.355934087	9.510112097	9.520737848
4.7446495	-0.463798295	0.985997484	9.982104607	10.04139992
4.7547125	-0.699444009	1.499399902	9.633369064	9.774416684
4.7647755	-0.806676024	1.780404076	9.58367884	9.780974645
4.7748385	-0.895786494	1.837492781	9.565259526	9.78125774
4.7849015	-0.581982949	1.796236582	9.798830064	9.979090171
4.7949645	-0.065781633	1.861831086	10.0280988	10.19968175
4.8050275	0.288168786	1.980628527	9.973585213	10.17243003
4.8150905	0.550226794	2.087822608	9.626574014	9.865732615
4.8251545	0.667381753	2.146974211	8.957128633	9.234990526
4.8352175	0.534304277	1.913166277	7.999226655	8.242166787
4.8452805	0.263067858	1.539884707	6.991812794	7.16420936
4.8553435	-0.049372007	1.170176664	6.053028288	6.165298247
4.8654065	-0.386495144	0.96183847	5.273392128	5.37430705
4.8754695	-0.602733584	0.73920281	4.545991484	4.64497009
4.8855325	-0.72979676	0.514619808	3.688607236	3.795162737
4.89559875	-0.849156265	0.178804493	3.1857999	3.301871955
4.90566175	-0.799160086	-0.286450344	2.84544751	2.969390876
4.91572475	-0.695950225	-0.698956132	2.441624179	2.633327747
4.92578775	-0.711237186	-0.994991598	1.695358663	2.090480234
4.93585075	-0.885362882	-1.426890042	0.762335418	1.844190315
4.94591375	-0.909192333	-1.794020195	-0.192808428	2.020473768
4.95597775	-0.857065794	-2.049255105	-0.940572585	2.412195068
4.96604075	-0.783493861	-2.183717384	-1.659900563	2.852674906
4.97610375	-0.660187485	-2.240752295	-2.353687318	3.316121583
4.98616675	-0.565807796	-2.364497504	-2.742725964	3.665178389
4.99622975	-0.435725886	-2.557916235	-2.934035166	3.916804165
5.00629275	-0.35025063	-2.707717515	-3.189953762	4.198834915
5.01635575	-0.303420718	-2.749708709	-3.684404258	4.60736333
5.02641875	-0.268197456	-2.706799502	-4.250079103	5.045975208
5.03648175	-0.195983978	-2.591398269	-4.801115443	5.4593465
5.04654475	-0.072513222	-2.531961907	-5.295530856	5.870156412
5.05660775	0.107246852	-2.43042413	-5.60688281	6.111922626
5.06667175	0.237351932	-2.232199426	-5.885679222	6.29922774
5.07673475	0.32572463	-2.063645541	-6.378294861	6.711734112
5.08679775	0.391098109	-2.029283209	-6.761427235	7.070208365
5.09686075	0.362880908	-1.956890878	-6.971621774	7.250145834
5.10692375	0.319963807	-1.871725598	-7.063144732	7.313941964
5.11698675	0.301970755	-1.834306341	-7.077111976	7.317197552
5.12704975	0.232959942	-1.792214867	-7.048878111	7.276880312
5.13711275	0.144590899	-1.664141548	-6.92120825	7.119929582
5.14717575	0.062141504	-1.576746432	-6.881193999	7.059803236
5.15723875	-0.002231809	-1.61196772	-6.844558854	7.031815613
5.16730175	-0.082468764	-1.658551318	-6.658446073	6.862397371
5.17736475	-0.204200485	-1.767532015	-6.31943445	6.56514425
5.18742775	-0.241924016	-1.821072338	-5.898809144	6.178250643
5.19749175	-0.323400581	-1.808261381	-5.575158157	5.869990258
5.20755475	-0.353098881	-1.691170741	-5.166823114	5.448008663
5.21761775	-0.313658535	-1.706239747	-4.593340482	4.910031826
5.22768075	-0.396310536	-1.786384754	-4.031714249	4.427522142
5.23774375	-0.524382247	-1.619478615	-3.325126185	3.735525648
5.24780675	-0.602242491	-1.410013808	-2.607351227	3.024750466
5.25786975	-0.532678422	-1.474449979	-1.925746561	2.483193279
5.26793275	-0.453442803	-1.712760562	-1.030240222	2.049525319
5.27799575	-0.347167868	-1.918880468	0.040649258	1.950456393
5.28805875	-0.215755643	-2.188387847	1.282139441	2.545480979
5.29812175	-0.299657304	-2.367003767	2.267984678	3.291846873
5.30818575	-0.42281231	-2.135542028	3.192573899	3.864173664
5.31824875	-0.575800651	-1.775302673	4.089342653	4.495105038
5.32831175	-0.442057434	-1.384257701	5.042294962	5.247506326
5.33837475	-0.429741334	-1.032641673	5.967502819	6.071417983
5.34843775	-0.578232106	-0.527198083	6.654247772	6.700097283
5.35850075	-0.781359846	0.021660599	7.096344053	7.13926406
5.36856375	-0.941650227	0.610538411	7.418424479	7.502831735
5.37862675	-0.935515328	1.335510779	7.805493198	7.973989092
5.38868975	-0.807769965	2.011474929	8.044461885	8.331379881
5.39875275	-0.583008441	2.518700421	7.934081072	8.344662552
5.40881575	-0.385388997	2.881680366	7.730132529	8.258786553
5.41887875	-0.254840406	3.110841811	7.452098594	8.079359743
5.42894275	-0.097066886	3.277146272	7.15758779	7.872748735
5.43900575	0.041602145	3.358927477	6.954795241	7.72355497
5.44906875	0.082757735	3.285022472	6.850984359	7.59830298
5.45913175	0.125749635	3.114841891	6.656089645	7.349937574
5.46919475	0.178350091	2.639700656	6.563437005	7.076618799
5.47925775	0.102143082	2.120718605	6.364604775	6.709401952
5.48932075	-0.058175036	1.669585891	6.04906563	6.275515626
5.49938375	-0.127238811	1.217684925	5.705818868	5.835693211
5.50944675	-0.124605509	0.744392726	5.268292771	5.322081903
5.51950975	-0.071242439	0.345905235	4.756931543	4.77002344
5.52957275	-0.076290148	-0.021792098	4.099156035	4.099923814
5.53963575	-0.158099063	-0.439184295	3.420132329	3.451837671
5.54969975	-0.154579862	-0.878069358	2.69164118	2.835459923
5.55976275	-0.113076526	-1.28899881	2.120618472	2.484215557
5.56982575	-0.123724452	-1.611632967	1.438880489	2.16403457
5.57988875	-0.116344736	-1.781907687	0.530306792	1.862781897
5.58995175	-0.098873895	-1.837100725	-0.230958002	1.854199752
5.60001475	-0.105265742	-1.959859656	-0.915026684	2.165503309
5.61007775	-0.12838651	-2.143632381	-1.467693229	2.601108667
5.62014075	-0.115338083	-2.289018575	-1.923947373	2.992404118
5.63020375	-0.169611756	-2.376865242	-2.456999432	3.422733226
5.64026675	-0.271244513	-2.311335496	-3.065637864	3.848893461
5.65032975	-0.203687538	-2.191319056	-3.651644647	4.263552093
5.66039275	-0.244302736	-2.011053929	-4.231016595	4.691004494
5.67045675	-0.275634895	-1.788212155	-4.759306097	5.091627621
5.68051975	-0.260822582	-1.707379954	-5.10207748	5.386498801
5.69058275	-0.25026295	-1.665690037	-5.479248033	5.73230441
5.70064575	-0.228506703	-1.673234553	-5.777862997	6.019603807
5.71070875	-0.181203751	-1.766324858	-6.019137241	6.275567817
5.72077175	-0.206258924	-1.847205591	-6.459260672	6.721365908
5.73083475	-0.233731044	-1.882643226	-6.814925165	7.074049811
5.74089775	-0.200815093	-1.753371521	-7.053806144	7.271232324
5.75096075	-0.255689093	-1.460213178	-7.162866656	7.314660496
5.76102375	-0.286887058	-1.119566673	-7.044359382	7.138538564
5.77108675	-0.309582916	-0.93558374	-6.935346233	7.005011483
5.78114975	-0.368300655	-0.874694345	-6.911910008	6.976763972
5.79121375	-0.35468249	-0.887850288	-6.611792309	6.680559508
5.80127675	-0.350243576	-0.987170508	-6.271234682	6.35810983
5.81133975	-0.460197507	-1.071526242	-5.76812212	5.884826508
5.82140275	-0.495169996	-1.059198557	-5.287993795	5.415715399
5.83146575	-0.456448674	-1.100324656	-4.925272881	5.067284549
5.84152875	-0.391848928	-1.148038813	-4.521269456	4.681176796
5.85159175	-0.279062168	-1.098469335	-4.11555689	4.268760837
5.86165475	-0.186476186	-0.877565913	-3.839566557	3.942989557
5.87171775	-0.223960712	-0.622433913	-3.351686577	3.416340921
5.88178075	-0.206475417	-0.540740709	-2.915299518	2.972205223
5.891840417	-0.179857211	-0.477882995	-2.459829485	2.512266281
5.901903417	-0.158659154	-0.608121391	-1.477900713	1.605980969
5.911967417	-0.230163164	-0.908563026	-0.511503316	1.067753481
5.922030417	-0.46874387	-0.926460988	0.496293538	1.150807566
5.932093417	-0.81826389	-0.90431517	1.703973951	2.095440036
5.942156417	-0.965332035	-0.916425777	2.843015653	3.139178259
5.952219417	-0.780798148	-0.841255215	4.224304576	4.377454196
5.962282417	-0.56168222	-0.579191049	5.839612518	5.895084694
5.972345417	-0.278755171	-0.18891875	7.620059863	7.627496775
5.982408417	0.167161115	0.014548795	9.034832282	9.036390257
5.992471417	0.482011677	0.139631528	9.94803405	9.960683395
6.002534417	0.439088583	0.407575928	10.38213017	10.39940113
6.012597417	0.162705756	0.653509891	10.21954132	10.24170753
6.022660417	0.066247418	0.904625803	9.778581741	9.820559935
6.032724417	0.040667568	1.12626539	9.4512511	9.518207549
6.042787417	0.039893981	1.296730291	8.936506673	9.030185629
6.052850417	0.128498228	1.365886772	8.334572659	8.446730721
6.062913417	0.157887248	1.30134696	7.750969666	7.861040838
6.072976417	0.237071448	1.158112542	7.398991258	7.49282985
6.083039417	0.385643205	0.91374227	7.173343112	7.241581114
6.093102417	0.403935013	0.618290576	6.62398083	6.665025789
6.103165417	0.383273584	0.367769911	5.721837316	5.746440256
6.113228417	0.291255293	0.056336041	4.766937883	4.776159563
6.123291417	0.301751082	-0.158760913	3.766585119	3.781986542
6.133354417	0.244077801	-0.484010621	2.936717284	2.986326951
6.143418417	0.097057933	-0.80691174	2.311577425	2.450289165
6.153481417	0.00726787	-0.952868768	1.615505578	1.875598567
6.163544417	-0.082729075	-1.056981732	0.84724693	1.357159475
6.173607417	-0.157244566	-1.149055936	0.042230346	1.160533843
6.183670417	-0.175063261	-1.184036246	-0.840714421	1.462665278
6.193733417	-0.199853336	-1.126036617	-1.57882424	1.949509118
6.203796417	-0.141060277	-1.179775891	-2.169154454	2.473257003
6.213859417	-0.084496286	-1.233466049	-2.717337939	2.985381649
6.223922417	-0.090414399	-1.222519915	-3.273781784	3.495765564
6.233985417	-0.01576424	-1.148223731	-3.68235247	3.857251088
6.244048417	-0.015667176	-1.068811233	-4.131007572	4.26706298
6.254111417	-0.00811038	-1.108100868	-4.391706267	4.529352851
6.264175417	0.047549996	-1.054159427	-4.73572603	4.851867077
6.274238417	-0.065029517	-0.976122779	-5.027208561	5.121510562
6.284301417	-0.162379079	-0.988498996	-5.330986032	5.42428883
6.294364417	-0.143279368	-0.956374393	-5.748863146	5.829631929
6.304427417	-0.079984355	-1.022448514	-5.935655959	6.023604413
6.314490417	-0.110128945	-1.019000119	-6.151926924	6.236721455
6.324553417	-0.207264499	-0.794892423	-6.477682909	6.529562651
6.334616417	-0.322852916	-0.633336778	-6.695468304	6.733100718
6.344679417	-0.324550874	-0.620888933	-6.754822805	6.791057905
6.354742417	-0.360124311	-0.700128645	-6.620467238	6.667117525
6.364805417	-0.338504523	-0.809428455	-6.380132641	6.440174862
6.374868417	-0.348197161	-0.972266102	-6.326399068	6.410137893
6.384932417	-0.487899275	-1.211939524	-6.166959531	6.303826851
6.394995417	-0.508549595	-1.373949206	-5.862430108	6.042718418
6.405058417	-0.452006873	-1.314684313	-5.697632766	5.864786799
6.415121417	-0.524040988	-1.179267184	-5.454392104	5.604969515
6.425184417	-0.513527768	-1.188872405	-5.176676257	5.336207027
6.435247417	-0.409489137	-1.193484689	-4.868444962	5.0292985
6.445310417	-0.338810187	-1.145704458	-4.384070973	4.543953052
6.455373417	-0.173503955	-1.151330795	-3.677706272	3.857614502
6.465436417	0.036365406	-1.258343028	-2.858880903	3.1237717
6.475499417	0.162797886	-1.447822782	-1.79805682	2.31423903
6.485562417	0.066714465	-1.499332513	-0.578058078	1.608291001
6.495626417	-0.179624948	-1.349774185	0.625172603	1.498331157
6.505689417	-0.388530304	-1.078374501	1.344129868	1.76650289
6.515752417	-0.530811589	-0.613140495	1.380410087	1.601010374
6.525815417	-0.597000572	-0.334818183	1.824977401	1.949116572
6.535878417	-0.554222927	-0.204944762	2.806744205	2.868270984
6.545941417	-0.444486111	0.041284705	4.101320674	4.125542825
6.556004417	-0.379997352	-0.001535588	5.960773258	5.972873528
6.566067417	-0.416934835	-0.061924042	7.362778282	7.374833779
6.576130417	-0.487596426	0.165339433	7.932649673	7.949340743
6.586193417	-0.632873825	0.326991064	8.623309337	8.652682611
6.596256417	-0.671083332	0.314323327	9.463867638	9.492836386
6.606319417	-0.420356699	0.39048236	10.16513649	10.18131505
6.616383417	-0.149360217	0.589059468	10.38341539	10.40118333
6.626446417	-0.052706619	0.890180549	10.1469458	10.18605461
6.636509417	0.087041287	1.266691682	9.723819058	9.806362275
6.646572417	0.250185328	1.499504128	9.235135671	9.359424992
6.656635417	0.39405563	1.663393105	8.480641369	8.651210001
6.666698417	0.421732622	1.691295287	7.624364583	7.821078791
6.676761417	0.251751724	1.615340102	6.669131275	6.866586818
6.686824417	0.002941844	1.334374081	5.639943552	5.795647169
6.696887417	-0.101981471	0.817586198	5.012082399	5.079352064
6.706950417	-0.072051145	0.309009998	4.626319363	4.63718766
6.717013417	0.082305919	-0.260347825	4.260684782	4.269425028
6.727076417	0.224685328	-0.684656109	3.960691629	4.025706853
6.737140417	0.277404994	-0.811343418	3.305891184	3.415281569
6.747203417	0.176473281	-0.762644517	2.327404084	2.455520158
6.757266417	0.030732673	-0.731886335	1.560219569	1.72362618
6.767329417	-0.136421973	-1.014328194	1.164188823	1.550099433
6.777392417	-0.196039965	-1.279504101	0.719699861	1.481057157
6.787455417	-0.196100483	-1.357418835	-0.053409637	1.372550138
6.797518417	-0.222384595	-1.436750056	-0.943493269	1.733171999
6.807581417	-0.234417799	-1.478094256	-1.838138899	2.370330978
6.817644417	-0.213201031	-1.579985789	-2.666997505	3.107198974
6.827707417	-0.159703101	-1.820540095	-3.061871088	3.565799472
6.837770417	-0.016615667	-1.930015321	-3.44480758	3.948662366
6.847834417	0.071147166	-1.802914394	-3.928750044	4.323267184
6.857897417	0.110519539	-1.665285848	-4.405748355	4.711264172
6.867960417	0.112506496	-1.532790865	-4.900524541	5.13587834
6.878023417	0.074030647	-1.370412956	-5.363180217	5.535992616
6.888086417	-0.081192098	-1.255883543	-5.793421268	5.928538237
6.898149375	-0.175030261	-1.269241361	-6.13313982	6.265541739
6.908212375	-0.135097359	-1.252738764	-6.527540363	6.648036469
6.918275375	-0.174967477	-1.175006464	-6.89159795	6.993237885
6.928338375	-0.269051004	-1.088106314	-7.253645849	7.339737181
6.938401375	-0.291307114	-0.978164334	-7.638206112	7.70609226
6.948464375	-0.285921317	-0.898762362	-7.725393945	7.782752494
6.958527375	-0.250731604	-0.873551799	-7.521165905	7.5758759
6.968591375	-0.137835172	-0.914991309	-7.406745835	7.464321235
6.978654375	-0.12500872	-0.994509056	-7.232585347	7.301709817
6.988717375	-0.188549279	-1.148370642	-6.818352218	6.916952576
6.998780375	-0.22382385	-1.339260014	-6.331359261	6.475324285
7.008843375	-0.374655921	-1.376104635	-6.062038847	6.227547351
7.018906375	-0.449107933	-1.373488591	-5.868586056	6.043878816
7.028969375	-0.431959402	-1.289332978	-5.599619399	5.762352459
7.039032375	-0.443302269	-1.145155697	-5.262379482	5.403752056
7.049095375	-0.438096237	-1.011873533	-4.822281194	4.946737539
7.059158375	-0.336717139	-0.937773669	-4.17638372	4.293597427
7.069221375	-0.229264867	-1.067227954	-3.363851125	3.53652828
7.079285375	-0.003283723	-1.412013995	-2.219261	2.630382803
7.089348375	0.20203252	-1.75831578	-0.724669994	1.912495261
7.099411375	0.240371489	-1.945385312	0.434117171	2.007675318
7.109474375	0.001119376	-1.587217479	1.227291389	2.006366052
7.119537375	-0.399078096	-0.911549638	1.884523106	2.131106146
7.129600375	-0.633654867	-0.553033713	2.645368654	2.775849436
7.139663375	-0.726332211	-0.479854968	3.285163389	3.39854642
7.149726375	-0.767941729	-0.363724953	3.748188025	3.843298558
7.159789375	-0.722103944	-0.402755008	4.705476045	4.777567426
7.169852375	-0.71097121	-0.570071147	5.979905348	6.048944465
7.179915375	-0.72980078	-0.272928146	7.055656788	7.09854856
7.189979375	-0.666639302	0.379571127	7.999375759	8.036074585
7.200042375	-0.585517006	0.888912215	8.730098206	8.794748989
7.210105375	-0.428046884	1.276487961	8.965301871	9.065830535
7.220168375	-0.267158406	1.616584974	8.811076881	8.962131241
7.230231375	-0.305881044	1.856982282	8.551741757	8.756382443
7.240294375	-0.281978174	2.051439771	8.150627441	8.409556736
7.250357375	-0.257781245	2.033525071	7.797720494	8.062637304
7.260420375	-0.20236815	1.77508618	7.696246744	7.900892213
7.270483375	-0.018428797	1.403819853	7.943776925	8.066885497
7.280546375	0.131790576	1.14106937	8.140188991	8.220832371
7.290609375	0.175655913	0.988322264	8.112903544	8.174768487
7.300672375	0.188857154	0.877000268	7.667866699	7.720166851
7.310736375	0.18914438	0.902795917	6.831187441	6.893180538
7.320799375	0.168945575	0.828246476	6.014473502	6.073584307
7.330862375	0.072467175	0.616626313	5.084769137	5.122534205
7.340925375	-0.19221468	0.305502144	4.304793254	4.319898494
7.350988375	-0.412244016	-0.005070925	3.378829352	3.403888752
7.361051375	-0.460454601	-0.36225394	2.22174782	2.297696615
7.371114375	-0.410342172	-0.809474063	1.335502301	1.614681192
7.381177375	-0.354512629	-1.18023731	0.422166047	1.302637126
7.391240375	-0.241600446	-1.371132309	-0.439971988	1.460119836
7.401303375	-0.209911314	-1.515074387	-1.002827305	1.828982165
7.411366375	-0.148274316	-1.669359165	-1.736706664	2.413481993
7.421429375	0.022376308	-1.799047485	-2.518321522	3.09499852
7.431493375	0.042452065	-1.94300418	-3.185553147	3.731597014
7.441556375	0.132578818	-1.910496584	-3.788738465	4.245245988
7.451619375	0.229653269	-1.948743514	-4.42201297	4.837823955
7.461682375	0.180208921	-2.098228021	-5.040908003	5.463130016
7.471745375	0.148385376	-2.266296002	-5.49843684	5.949027103
7.481808375	0.108049309	-2.315301809	-5.83791741	6.281208228
7.491871375	0.033368963	-2.305267987	-6.271912959	6.682235116
7.501934375	-0.013483679	-2.3253789	-6.697076873	7.089316432
7.511997375	-0.004533127	-2.319666171	-7.101539889	7.470792494
7.522060375	-0.039037839	-2.227331619	-7.327568688	7.658707004
7.532123375	-0.081463262	-2.190393004	-7.334600549	7.655117438
7.542187375	-0.086267042	-2.298895984	-7.184913583	7.544226133
7.552250375	-0.087139739	-2.457354358	-7.086245327	7.500737071
7.562313375	-0.163848411	-2.459353521	-7.069932765	7.48727022
7.572376375	-0.304654919	-2.337889895	-6.973428563	7.361198932
7.582439375	-0.426434733	-2.330215425	-6.850325963	7.24835956
7.592502375	-0.444098587	-2.359021148	-6.59418108	7.017508707
7.602565375	-0.491373033	-2.331863463	-6.290101892	6.726396991
7.612628375	-0.518879578	-2.215388973	-6.000215067	6.417146186
7.622691375	-0.379046339	-2.015360404	-5.786586458	6.139213021
7.632754375	-0.251144417	-1.814571696	-5.388264772	5.691145861
7.642817375	-0.200852077	-1.636806985	-4.700925742	4.98178497
7.652880375	-0.064579902	-1.598875804	-3.869965646	4.187745038
7.662944375	-0.006619816	-1.642093891	-2.954043168	3.379776207
7.673007375	0.027879122	-1.690204343	-2.0758288	2.677056811
7.683070375	-0.084382485	-1.788605527	-1.243108107	2.179804556
7.693133375	-0.276621321	-1.852255393	-0.479639499	1.933241693
7.703196375	-0.29648137	-1.847420038	0.49772903	1.936129176
7.713259375	-0.235973835	-1.713957194	1.822554315	2.512973765
7.723322375	-0.311698402	-1.414940234	2.938135818	3.275950831
7.733385375	-0.195725183	-1.011106963	4.28927182	4.411178797
7.743448375	-0.02799846	-0.681516812	5.696383801	5.737075691
7.753511375	-0.048422017	-0.582161216	7.026714824	7.050955793
7.763574375	-0.092505985	-0.440192574	8.215562525	8.227866945
7.773638375	-0.127927979	-0.021994941	9.18923035	9.190147103
7.783701375	-0.117608374	0.697348221	10.31862941	10.34283516
7.793764375	-0.019814606	1.824731087	11.25503644	11.40201216
7.803827375	0.075800746	2.863678251	11.66303877	12.00969909
7.813890375	0.174648621	3.596633458	11.3730847	11.92951508
7.823953375	0.213438501	4.005448557	10.34234221	11.09293543
7.834016375	0.018857307	4.045921814	9.000945328	9.868477883
7.844079375	-0.187863072	3.859478665	7.921078033	8.813305016
7.854142375	-0.362820462	3.559880199	7.038144377	7.895559637
7.864205375	-0.457081014	3.056962935	6.369273192	7.079660051
7.874268375	-0.442602175	2.343546492	5.858980835	6.325801394
7.884331375	-0.434873179	1.61165621	5.440605538	5.690934813
7.894395042	-0.306756189	1.016755446	5.103073846	5.212413421
7.904458042	-0.077134167	0.611235363	4.61377884	4.654730232
7.914521042	-0.01342391	0.30367372	3.97321695	3.984827582
7.924584042	0.00180065	-0.142335774	3.361568372	3.3645809
7.934647042	0.054817683	-0.591116884	2.423710649	2.495355177
7.944710042	-0.017913164	-1.038206249	1.543744454	1.860467693
7.954773042	-0.016928603	-1.534859025	0.952179893	1.806301568
7.964836042	-0.072343177	-1.883325743	0.384681301	1.923571962
7.974899042	-0.150137056	-2.257383676	0.044996079	2.262818341
7.984962042	-0.218153476	-2.480552309	-0.18948487	2.497325613
7.995025042	-0.116968067	-2.447070276	-0.459565423	2.492596004
8.005089042	0.052156944	-2.377433007	-1.049527847	2.599310822
8.015152042	0.034939306	-2.317793308	-1.978456287	3.047568843
8.025215042	-0.001750583	-2.192571091	-2.841787153	3.589307075
8.035278042	-0.038352034	-2.049340767	-3.585816109	4.130296069
8.045341042	-0.061461692	-1.973016768	-4.216284535	4.655494387
8.055404042	-0.151984264	-1.944909787	-4.703621893	5.092134347
8.065467042	-0.298078702	-1.951307665	-5.200434664	5.562461075
8.075530042	-0.40591678	-1.920106045	-5.475695849	5.816770641
8.085593042	-0.408334896	-1.924119135	-5.638378837	5.971623543
8.095656042	-0.469568547	-1.870596208	-5.687985445	6.006063871
8.105719042	-0.557258143	-1.739507919	-5.782235545	6.063882612
8.115782042	-0.585985441	-1.561554781	-6.001196814	6.228659203
8.125846042	-0.600204992	-1.331525025	-6.302284566	6.46931184
8.135909042	-0.65656857	-1.117490912	-6.598448378	6.724536357
8.145972042	-0.676769896	-1.020434149	-6.7504754	6.860628358
8.156035042	-0.729189015	-1.02951809	-6.857071311	6.972162583
8.166098042	-0.746234233	-0.970550967	-6.904734305	7.012431142
8.176161042	-0.761881967	-0.829029491	-6.886421995	6.977862274
8.186224042	-0.787612055	-0.836831285	-6.804503088	6.900860933
8.196287042	-0.803123256	-1.005091493	-6.575507412	6.700187579
8.206350042	-0.740230751	-1.247019018	-6.212749661	6.379753627
8.216413042	-0.637168312	-1.334137268	-5.905448658	6.087711356
8.226476042	-0.479452022	-1.201584252	-5.543337609	5.692299255
8.236540042	-0.408658905	-1.107262524	-5.146889371	5.280483178
8.246603042	-0.372876796	-1.037899197	-4.83334705	4.957571538
8.256666042	-0.41031491	-1.128982737	-4.575735101	4.730783451
8.266729042	-0.346966979	-1.259584099	-3.996469572	4.204605478
8.276792042	-0.26556186	-1.437829452	-2.973675195	3.313701978
8.286855042	-0.314730914	-1.688894274	-1.825448686	2.506727413
8.296918042	-0.408419535	-1.694988534	-0.585087016	1.839053959
8.306981042	-0.629426306	-1.425154881	0.534450713	1.647082717
8.317044042	-0.818204175	-1.019899421	1.140695295	1.735176837
8.327107042	-0.757065177	-0.763272727	1.804594007	2.100545755
8.337170042	-0.630647351	-0.603958101	2.744808742	2.880357009
8.347234042	-0.584045115	-0.436396854	3.742971724	3.813317222
8.357297042	-0.522736255	-0.304123297	5.106680993	5.142366667
8.367360042	-0.434263424	-0.18303773	6.80056031	6.816869374
8.377423042	-0.439035337	0.073464253	8.506163296	8.517802712
8.387486042	-0.565069329	0.653043722	9.40929382	9.448840121
8.397549042	-0.532167449	1.302330023	9.516135314	9.619568441
8.407612042	-0.341922842	1.64731984	9.526163288	9.673590899
8.417675042	-0.139129197	1.928994543	9.50857194	9.703263225
8.427738042	0.143023553	2.134945465	9.574088237	9.810281008
8.437801042	0.503542185	2.187872269	9.720512457	9.976407281
8.447864042	0.775389912	2.073412438	9.538289244	9.791794032
8.457928042	1.006476918	1.863550898	9.069947736	9.31395564
8.467991042	0.868864525	1.718949401	8.230492221	8.452852465
8.478054042	0.643054193	1.588422444	7.312585782	7.510693402
8.488117042	0.461311913	1.378963632	6.29081116	6.456675183
8.498180042	0.262383862	1.203935271	5.175759414	5.320412666
8.508243042	0.146263129	0.801523019	4.277772101	4.354671767
8.518306042	0.158938358	0.2032771	3.828119463	3.836806172
8.528369042	0.180448364	-0.388857675	3.494229416	3.520427689
8.538432042	0.123690173	-0.800421111	3.160566825	3.262691507
8.548495042	0.092506168	-1.019589299	2.737816057	2.922970491
8.558558042	0.146850409	-1.191436117	2.106500954	2.424547655
8.568622042	0.099220014	-1.244562018	1.179945315	1.717862093
8.578685042	0.030657975	-1.372947431	0.423160073	1.437006962
8.588748042	0.140474898	-1.534650572	-0.242194011	1.559981896
8.598811042	0.134374278	-1.648802255	-0.942724945	1.904031419
8.608874042	0.103713599	-1.808956615	-1.530475368	2.371800033
8.618937042	0.14561365	-1.790677634	-2.178303008	2.823602968
8.629000042	-0.095168551	-1.581662917	-2.966872544	3.363487376
8.639063042	-0.292058628	-1.373890003	-4.01632964	4.254853201
8.649126042	-0.233245725	-1.263099445	-4.929451302	5.094046909
8.659189042	-0.248148523	-1.140988679	-5.333917826	5.460230053
8.669252042	-0.236315001	-1.139134965	-5.52204088	5.643262242
8.679315042	-0.239638266	-1.309237047	-5.76073007	5.912490092
8.689379042	-0.230850924	-1.436600806	-5.888640836	6.065740262
8.699442042	-0.255935407	-1.571502357	-6.021663238	6.228607448
8.709505042	-0.412242225	-1.684219571	-6.245996345	6.482207151
8.719568042	-0.570749936	-1.595643317	-6.698800632	6.909830894
8.729631042	-0.840141101	-1.371703875	-7.398101896	7.570952401
8.739694042	-1.119403097	-1.264209978	-7.928986977	8.106794968
8.749757042	-1.260892706	-1.361565388	-7.907375084	8.122209763
8.759820042	-1.220710567	-1.578628358	-7.64345048	7.899654234
8.769883042	-1.079297849	-1.81495922	-7.091741125	7.399442749
8.779946042	-0.93304678	-1.9712436	-6.434169685	6.793741028
8.790010042	-0.755101536	-2.111957722	-5.990901037	6.396986711
8.800073042	-0.549756093	-2.119644325	-5.620852393	6.032338307
8.810136042	-0.484569286	-2.024722965	-5.406380616	5.793380865
8.820199042	-0.480986112	-2.003968566	-5.354072009	5.737013573
8.830262042	-0.423739459	-2.162505586	-5.222137774	5.668042737
8.840325042	-0.507387022	-2.395434245	-4.968740498	5.539307623
8.850388042	-0.643135103	-2.623491881	-4.319666816	5.094688785
8.860451042	-0.526386087	-2.749103815	-3.161310591	4.222385434
8.870514042	-0.265546036	-2.685063939	-1.991590887	3.353582759
8.880577042	-0.154410055	-2.643616244	-0.838893598	2.777821408
8.890640375	-0.181398464	-2.401166855	0.360977274	2.434915247
8.900703375	-0.419349041	-1.593619157	1.783921176	2.428549032
8.910767375	-0.899518991	-0.473762754	3.38195352	3.531457939
8.920830375	-1.353898226	0.092322912	3.923765877	4.151807147
8.930893375	-1.137223072	0.25656972	4.25446393	4.411299997
8.940956375	-0.656082447	0.776420118	4.983650898	5.086260773
8.951019375	-0.312109753	1.349380375	5.836929231	5.998998478
8.961082375	-0.214059439	1.617079648	6.945394088	7.134372227
8.971145375	0.064672983	1.810283348	8.125332971	8.324802957
8.981208375	0.253315342	2.381951004	8.819439569	9.138948164
8.991271375	0.293107838	2.989911743	9.24092266	9.717002421
9.001334375	0.60106256	3.297488735	9.777548538	10.33610969
9.011397375	0.791952004	3.40938427	9.860717579	10.46350038
9.021460375	0.894032037	3.363731257	9.799487291	10.39922749
9.031524375	0.92547142	3.148522146	9.426981647	9.981867161
9.041587375	0.807821859	2.823374563	8.723835838	9.20485371
9.051650375	0.711206488	2.404816395	8.006817511	8.39035656
9.061713375	0.69760908	2.060329585	7.243348317	7.562916849
9.071776375	0.671166948	1.656890124	6.5085106	6.749552591
9.081839375	0.605172348	1.191859455	5.839018441	5.990066684
9.091902375	0.52807184	0.662041271	5.287005615	5.354398835
9.101965375	0.527627817	-0.012114828	4.951232765	4.979281451
9.112028375	0.440855648	-0.68510269	4.423543187	4.497938831
9.122091375	0.371689519	-1.110802428	3.499279656	3.690121034
9.132154375	0.265712938	-1.300306156	2.67145016	2.982959171
9.142218375	0.110777182	-1.369518186	1.647645968	2.14536451
9.152281375	-0.065291472	-1.50978748	0.837738188	1.727867612
9.162344375	-0.176088205	-1.63461881	0.434603074	1.700548601
9.172407375	-0.176609302	-1.776676768	0.035939326	1.785794731
9.182470375	-0.196227587	-1.897766757	-0.51812938	1.97698811
9.192533375	-0.304242398	-1.941357165	-1.292763832	2.352162708
9.202596375	-0.149691388	-1.978288764	-1.929882882	2.767757555
9.212659375	-0.002567768	-2.027478758	-2.368494807	3.117762717
9.222722375	0.018251864	-2.13603641	-2.791478879	3.515016217
9.232785375	0.038785459	-2.198381177	-3.179511804	3.865705553
9.242848375	0.048958335	-2.145705073	-3.704320459	4.281172414
9.252912375	0.002755756	-1.920866183	-4.410057753	4.810233245
9.262975375	-0.080361208	-1.744559328	-5.179941342	5.466419073
9.273038375	-0.055303221	-1.626873735	-5.699605617	5.927502069
9.283101375	-0.033575078	-1.562531851	-5.976714522	6.177681568
9.293164375	0.05354014	-1.528112508	-5.974316579	6.16688357
9.303227375	0.092823397	-1.478604425	-5.986822019	6.167408298
9.313290375	0.061573629	-1.392038737	-6.162984594	6.318539567
9.323353375	0.075021239	-1.274582646	-6.452344585	6.577456937
9.333416375	0.007314319	-1.179177721	-6.710593296	6.813411479
9.343479375	-0.143686773	-1.048079784	-6.824915718	6.906416703
9.353542375	-0.203303924	-0.985335944	-6.862255452	6.935616
9.363606375	-0.303390678	-0.988204296	-6.712840966	6.791967864
9.373669375	-0.409823963	-0.98401155	-6.48650168	6.573502754
9.383732375	-0.456811201	-1.073647758	-6.173390298	6.282686031
9.393795375	-0.459545286	-1.148640491	-5.659506581	5.793148677
9.403858375	-0.447141076	-1.15839891	-5.121401943	5.26977998
9.413921375	-0.441796319	-1.2157867	-4.600750659	4.779145102
9.423984375	-0.40617435	-1.265576764	-3.840509713	4.064009966
9.434047375	-0.347418677	-1.236945727	-2.742691466	3.028711103
9.444110375	-0.268233015	-1.114267634	-1.701519874	2.051514366
9.454173375	-0.127363942	-0.908998205	-0.661107836	1.131177653
9.464236375	-0.055548878	-0.674704805	0.212974305	0.709697335
9.474300375	-0.142170554	-0.442776093	0.926693049	1.036833228
9.484363375	-0.344391062	-0.292503601	1.049560592	1.142690245
9.494426375	-0.583977873	-0.326075682	1.119122577	1.303760273
9.504489375	-0.868566317	-0.269377753	1.599177813	1.839657984
9.514552375	-0.962728124	-0.196134288	2.538028393	2.72156246
9.524615375	-0.746725838	-0.118368677	3.831950558	3.905823307
9.534678375	-0.390355878	-0.026594562	5.580402524	5.594102012
9.544741375	0.041700624	0.257095092	6.569602309	6.574763214
9.554804375	0.322693652	0.561159113	6.93475274	6.964899591
9.564867375	0.317674585	1.002282637	7.03671064	7.114828477
9.574930375	0.426901378	1.141212481	7.221990777	7.324053625
9.584994375	0.407946203	1.036713528	7.225956359	7.311336427
9.595057375	0.20734329	1.092304469	7.030124336	7.117497346
9.605120375	0.014530696	1.263033372	6.675957899	6.794400511
9.615183375	0.069597288	1.352235716	6.330778048	6.473958288
9.625246375	0.224550915	1.369403142	6.188614694	6.3422898
9.635309375	0.417728448	1.311539826	6.308331757	6.45675486
9.645372375	0.643228586	1.140774671	6.164883184	6.302451471
9.655435375	0.748650449	0.967268925	5.763457212	5.891818539
9.665498375	0.778910667	0.719347347	5.340941502	5.445164695
9.675561375	0.820019882	0.461345827	4.725599238	4.818356642
9.685624375	0.663443726	0.271029939	3.939776723	4.004429477
9.695688375	0.439369724	0.083467432	3.17054159	3.201928566
9.705751375	0.40658921	-0.150578996	2.470366752	2.508126933
9.715814375	0.406951043	-0.375578867	1.784272594	1.868233745
9.725877375	0.273418691	-0.523839698	1.111858581	1.259124821
9.735940375	0.18968046	-0.735942256	0.683786847	1.022327802
9.746003375	0.098452256	-1.054016024	0.370546827	1.121582621
9.756066375	0.075551873	-1.296931874	0.160434149	1.308999422
9.766129375	0.051604894	-1.39562995	-0.149294618	1.404540817
9.776192375	0.000518429	-1.322516804	-0.611370251	1.456991609
9.786255375	-0.054676966	-1.217669942	-1.298979422	1.781307721
9.796318375	-0.027752091	-1.213779643	-1.98455961	2.326479755
9.806382375	0.090597527	-1.264041139	-2.565666427	2.861582102
9.816445375	0.066893828	-1.234532727	-3.209999186	3.439860552
9.826508375	0.016442919	-1.239013887	-3.798209785	3.995225069
9.836571375	0.011651381	-1.256581846	-4.252513883	4.434299045
9.846634375	0.036460624	-1.232865832	-4.617091287	4.77899775
9.856697375	0.033583849	-1.139226767	-5.146818035	5.27149897
9.866760375	0.068918025	-1.037198847	-5.571858573	5.66799251
9.876823375	0.001089702	-1.052215227	-5.837759535	5.931828931
9.886886375	-0.05735987	-0.946452837	-6.06734695	6.140990322
9.89694925	-0.206443623	-0.916257523	-6.331110755	6.400399222
9.90701225	-0.331670627	-0.954598009	-6.569592369	6.646864423
9.91707625	-0.368886948	-0.95652452	-6.557471091	6.637126173
9.92713925	-0.426149974	-1.03353235	-6.238266326	6.337646225
9.93720225	-0.433933276	-1.080171643	-5.966666667	6.07915948
9.94726525	-0.499247405	-1.238980412	-5.720061516	5.873961541
9.95732825	-0.507966152	-1.404909482	-5.323881081	5.529512639
9.96739125	-0.380423578	-1.464274362	-4.970260774	5.195412752
9.97745425	-0.31727829	-1.454294042	-4.724085394	4.953041437
9.98751725	-0.333268817	-1.379730932	-4.709980155	4.919211178
9.99758025	-0.349364703	-1.289219104	-4.724678301	4.909860145
10.00764325	-0.429075555	-1.176326327	-4.543851988	4.713219743
10.01770625	-0.480115754	-1.11055626	-4.162888931	4.335145972
10.02777025	-0.367665246	-1.20156057	-3.445684662	3.667651609
10.03783325	-0.253164594	-1.160319574	-2.513040317	2.779533317
10.04789625	-0.133824859	-0.983819834	-1.6981893	1.967144494
10.05795925	-0.054380001	-0.871710584	-0.84583892	1.215845387
10.06802225	-0.040598762	-0.644204559	-0.370837433	0.744424728
10.07808525	-0.214223928	-0.569760295	0.22269764	0.648161186
10.08814825	-0.455070412	-0.736970636	1.092069849	1.393854854
10.09821125	-0.451086631	-0.800610269	2.245765843	2.426503693
10.10827425	-0.683441569	-0.708568297	3.626704518	3.757944528
10.11833725	-0.828392802	-0.446158488	5.059976358	5.146712812
10.12840025	-0.742781014	-0.038446101	6.285680813	6.329532764
10.13846425	-0.55267685	0.277072068	7.421522918	7.44722922
10.14852725	-0.282640682	0.402010073	8.362190813	8.376618234
10.15859025	-0.031021562	0.555882915	9.059294109	9.076385729
10.16865325	0.049961023	0.742257542	9.763754371	9.792055034
10.17871625	0.140655065	1.072751891	10.05076612	10.10883179
10.18877925	0.250250305	1.378318099	9.527871845	9.630302585
10.19884225	0.416601544	1.650690029	8.923550997	9.08449761
10.20890525	0.711651315	1.867637371	8.263397427	8.501661836
10.21896825	0.882097797	1.9074056	7.660039616	7.94307872
10.22903125	0.854159655	1.73680519	6.963685348	7.227654848
10.23909425	0.740102331	1.390364386	6.279153566	6.473687828
10.24915825	0.699738197	1.171156072	5.450314255	5.618466479
10.25922125	0.525471364	0.939121014	4.714323467	4.835588298
10.26928425	0.311746824	0.53695873	4.075232736	4.12226062
10.27934725	0.215204945	0.013320396	3.7840145	3.790152548
10.28941025	0.173447529	-0.408730424	3.639246796	3.66623265
10.29947325	0.116949174	-0.636948238	3.322524759	3.385048144
10.30953625	0.274557253	-0.666531202	2.792614993	2.884153953
10.31959925	0.462048223	-0.658290648	2.058954905	2.210459327
10.32966225	0.395332808	-0.619448252	1.218577284	1.423002025
10.33972525	0.192533444	-0.631025227	0.426642675	0.785675465
10.34978825	0.01879772	-0.686133335	-0.500331041	0.84939005
10.35985125	-0.079699066	-0.747107661	-1.423419281	1.60954784
10.36991525	-0.158832377	-0.970713812	-2.153071688	2.367114429
10.37997825	-0.262390294	-1.063727445	-2.832167314	3.036698279
10.39004125	-0.221453462	-1.040348523	-3.580122675	3.734788488
10.40010425	-0.211328168	-1.029137144	-4.182269527	4.312210716
10.41016725	-0.224483964	-1.065245894	-4.58385279	4.711353125
10.42023025	-0.144093447	-1.152886739	-4.812470151	4.95073527
10.43029325	-0.048092216	-1.177786523	-5.066952671	5.202259444
10.44035625	-0.025335912	-1.158471269	-5.39068435	5.513816768
10.45041925	-0.079781822	-1.118763851	-5.617368622	5.728248242
10.46048225	-0.101410563	-1.091182973	-5.788376291	5.891202294
10.47054625	-0.159414687	-1.047523275	-6.101235657	6.192559616
10.48060925	-0.341558743	-1.073189775	-6.141831706	6.244236973
10.49067225	-0.449662432	-1.128931428	-6.053716505	6.174476982
10.50073525	-0.460019166	-1.189114041	-6.060113944	6.192785387
10.51079825	-0.430143257	-1.240481977	-6.075689757	6.215933138
10.52086125	-0.567886116	-1.273984914	-6.11717926	6.274186346
10.53092425	-0.643126333	-1.351208653	-5.950417839	6.135702793
10.54098725	-0.59000891	-1.449283124	-5.507107092	5.725099179
10.55105025	-0.461437993	-1.400572456	-5.196500072	5.401679482
10.56111325	-0.316692801	-1.210126888	-4.9404581	5.09635435
10.57117625	-0.236740094	-0.973772783	-4.800531306	4.904016734
10.58124025	-0.277145852	-0.904182438	-4.401091048	4.501550635
10.59130325	-0.282324439	-1.021261383	-3.66040553	3.810675865
10.60136625	-0.188114904	-1.120274625	-2.955735353	3.16650816
10.61142925	-0.119671674	-1.146336469	-2.202865407	2.48616665
10.62149225	-0.179540145	-1.033522702	-1.511627453	1.839951466
10.63155525	-0.116410462	-0.812708743	-1.36974535	1.596949974
10.64161825	-0.00200015	-0.848257767	-1.491886083	1.716178699
10.65168125	-0.032519692	-0.954950084	-1.445264479	1.732563594
10.66174425	-0.260907477	-0.928098354	-0.441064832	1.060178029
10.67180725	-0.502641933	-0.869534981	0.812803321	1.292048465
10.68187025	-0.534279573	-0.596694799	1.730294023	1.906676887
10.69193425	-0.61821427	-0.134839022	2.39659711	2.478719055
10.70199725	-0.71997965	0.144635758	2.747551087	2.843998448
10.71206025	-0.631056145	0.188668124	3.224260545	3.290848459
10.72212325	-0.619228616	0.073319991	3.876903368	3.92672887
10.73218625	-0.712095191	-0.065516516	4.516103441	4.572369437
10.74224925	-0.691522421	-0.135588233	5.153865684	5.201818809
10.75231225	-0.617521668	-0.093943121	5.939672996	5.972426108
10.76237525	-0.579939639	0.113446582	6.760156635	6.785935296
10.77243825	-0.370862942	0.407132709	7.554140108	7.574188349
10.78250125	-0.094428696	0.786464319	8.048257897	8.087144001
10.79256525	0.127614102	1.063996271	8.079094359	8.149855157
10.80262825	0.302350294	1.279557896	7.597673798	7.710598631
10.81269125	0.270504932	1.466169591	6.948313018	7.106467476
10.82275425	0.16966566	1.523893742	6.192083847	6.379101891
10.83281725	0.173812798	1.406403591	5.727669913	5.900371563
10.84288025	0.174231824	1.191419306	5.543024783	5.672297633
10.85294325	0.230567115	1.06717891	5.265396645	5.377400287
10.86300625	0.392191684	1.046784334	4.778800129	4.907800162
10.87306925	0.53551805	1.056763265	4.231674991	4.394382939
10.88313225	0.532770808	1.001267487	3.638325275	3.811009331
10.89319617	0.497607919	0.741699571	3.159610221	3.283423311
10.90325917	0.425472355	0.244481972	3.109469177	3.147951194
10.91332317	0.269190971	-0.211830133	3.166768967	3.185241196
10.92338617	0.10821833	-0.558132814	2.9979312	3.051362798
10.93344917	0.021112103	-0.683980097	2.464117833	2.55737193
10.94351217	-0.0364082	-0.673055233	1.769674435	1.89369388
10.95357517	-0.082425933	-0.670850833	1.082055323	1.275805078
10.96363817	-0.05783576	-0.714255738	0.505459049	0.876923648
10.97370117	-0.06012648	-0.794226133	0.036878389	0.797352092
10.98376417	-0.160547987	-1.015750821	-0.44816686	1.121774898
10.99382717	-0.17132086	-1.253608537	-0.889287241	1.546517701
11.00389017	-0.11335489	-1.405418043	-1.203111983	1.853517642
11.01395317	-0.089115587	-1.464683813	-1.631178455	2.194079172
11.02401717	-0.127788413	-1.410404402	-2.29608932	2.697702101
11.03408017	-0.143841944	-1.352168473	-2.936688048	3.236230334
11.04414317	-0.086848804	-1.286640774	-3.365449753	3.604058717
11.05420617	-0.026216211	-1.125491218	-3.661881952	3.831030828
11.06426917	-0.107571811	-1.057689098	-4.020252537	4.158450238
11.07433217	-0.144350469	-1.003078297	-4.313876903	4.431313244
11.08439517	-0.281410336	-1.094490597	-4.682536249	4.816974897
11.09445817	-0.340578385	-1.18171936	-4.894665631	5.046801554
11.10452117	-0.328160762	-1.206505999	-5.073205099	5.225012553
11.11458417	-0.376195968	-1.168623643	-5.320835266	5.46063115
11.12464717	-0.394308522	-1.028186679	-5.65453177	5.760761807
11.13471117	-0.371541365	-0.821089703	-6.111256616	6.177352888
11.14477417	-0.37096271	-0.641585299	-6.244510567	6.288335014
11.15483717	-0.328614031	-0.609524869	-6.120016329	6.159067106
11.16490017	-0.229986779	-0.635735452	-5.965976695	6.004159509
11.17496317	-0.252523702	-0.717090687	-5.811743519	5.861258397
11.18502617	-0.380045263	-0.88522518	-5.57924653	5.661806237
11.19508917	-0.453191665	-1.095503042	-5.034538631	5.172242147
11.20515217	-0.425917547	-1.231361636	-4.465456029	4.651661507
11.21521517	-0.329996021	-1.193415107	-4.010742626	4.197522293
11.22527817	-0.242573934	-1.05789609	-3.537843797	3.700584411
11.23534217	-0.264051269	-0.9087994	-3.084175876	3.226109152
11.24540517	-0.277093045	-0.84908873	-2.630369961	2.777872992
11.25546817	-0.236650412	-0.894245241	-2.231015072	2.415182441
11.26553117	-0.222886797	-0.905332951	-1.724610529	1.960507014
11.27559417	-0.306815831	-0.925099171	-1.32043695	1.641188036
11.28565717	-0.512724507	-0.946465847	-1.076237928	1.522160339
11.29572017	-0.641959375	-0.853246246	-0.221132925	1.090431459
11.30578317	-0.590067163	-0.742086511	1.00575793	1.382179677
11.31584617	-0.361389173	-0.625624154	1.784644477	1.925347664
11.32590917	-0.193284866	-0.506997013	2.552834712	2.609860165
11.33597317	-0.129699283	-0.151587759	3.35497739	3.360903754
11.34603617	-0.118797478	0.168666992	3.792706971	3.798313778
11.35609917	-0.138083715	0.251225365	4.396550685	4.405886883
11.36616217	-0.143357575	0.373667815	4.975374749	4.991445975
11.37622517	-0.09061653	0.487030416	5.536920875	5.559037934
11.38628817	0.010368977	0.63509679	5.929708171	5.963630978
11.39635117	0.039142468	0.820516968	6.144224387	6.198892929
11.40641417	0.08308433	0.850299615	6.282995186	6.34081548
11.41647717	0.158978009	0.959113375	6.38958525	6.463124023
11.42654017	0.13809117	1.089861795	6.296862443	6.39197501
11.43660317	0.164360847	1.243397837	6.040183125	6.169024627
11.44666717	0.210843086	1.405280926	5.625688625	5.802382424
11.45673017	0.226836464	1.49061139	4.987103679	5.210046084
11.46679317	0.159102793	1.419907444	4.485952274	4.707995184
11.47685617	0.147742073	1.219912934	4.167066767	4.344474735
11.48691917	0.13450542	1.056894096	3.795779682	3.9424688
11.49698217	0.144349263	0.883187426	3.351644477	3.469060023
11.50704517	0.216388202	0.642179668	2.974731787	3.050942114
11.51710817	0.33503135	0.403690453	2.636390839	2.688078988
11.52717117	0.375078273	0.230114924	2.158135961	2.202541127
11.53723417	0.287985055	0.019157616	1.675654716	1.700329713
11.54729717	0.193664241	-0.285493666	1.334245734	1.378123416
11.55736117	0.191219301	-0.523925725	1.076699274	1.212577549
11.56742417	0.067532974	-0.644671459	0.90352755	1.111991019
11.57748717	-0.008857207	-0.759097377	0.693639405	1.028320428
11.58755017	0.041651691	-0.782016708	0.429780291	0.89330627
11.59761317	0.036502267	-0.776423261	0.020815503	0.777559503
11.60767617	0.085172571	-0.789626713	-0.493372854	0.93497673
11.61773917	0.085296953	-0.804706755	-1.058210962	1.332155761
11.62780217	-0.019202256	-0.827682146	-1.70121348	1.891970869
11.63786517	0.010941863	-0.826778459	-2.295030389	2.439435761
11.64792817	0.123314261	-0.791457915	-2.737728349	2.852502156
11.65799217	0.113182964	-0.801091129	-3.162486466	3.26433424
11.66805417	0.096376568	-0.858721287	-3.482442598	3.588049211
11.67811817	0.20553778	-0.926034214	-3.961154144	4.0731471
11.68818117	0.077873949	-0.989514218	-4.363056664	4.474535305
11.69824417	-0.057143103	-0.936732426	-4.329894766	4.430431317
11.70830717	0.247419613	-0.721405494	-4.890326412	4.949437824
11.71837017	0.218329167	-0.709612244	-4.944589158	5.000017911
